   0.0000000000000000        1.0000000000000000     
   5.0000000000000001E-003  0.97903545358488364     
   1.4999999999999999E-002  0.93935058745735167     
   2.5000000000000001E-002  0.90216476238347143     
   3.5000000000000003E-002  0.86729999630866039     
   4.4999999999999998E-002  0.83459295732005512     
   5.5000000000000000E-002  0.80389363563262983     
   6.5000000000000002E-002  0.77506414831039550     
   7.5000000000000011E-002  0.74797766229064233     
   8.4999999999999992E-002  0.72251742298524024     
   9.5000000000000001E-002  0.69857587722092784     
  0.10500000000000001       0.67605388058038840     
  0.11499999999999999       0.65485998034340143     
  0.12500000000000000       0.63490976622433648     
  0.13500000000000001       0.61612528197744898     
  0.14500000000000002       0.59843449171088237     
  0.15500000000000000       0.58177079542775068     
  0.16500000000000001       0.56607258891001933     
  0.17499999999999999       0.55128286358833323     
  0.18500000000000000       0.53734884250726911     
  0.19500000000000001       0.52422164890835865     
  0.20500000000000002       0.51185600431922518     
  0.21500000000000000       0.50020995336205520     
  0.22500000000000001       0.48924461278336051     
  0.23499999999999999       0.47892394246392350     
  0.24500000000000000       0.46921453639673655     
  0.25500000000000000       0.46008543182496736     
  0.26500000000000001       0.45150793491437569     
  0.27500000000000002       0.44345546149772769     
  0.28500000000000003       0.43590339157481284     
  0.29499999999999998       0.42882893638261771     
  0.30499999999999999       0.42221101696777974     
  0.31500000000000000       0.41603015329913051     
  0.32500000000000001       0.41026836305329550     
  0.33500000000000002       0.40490906929211079     
  0.34500000000000003       0.39993701632811052     
  0.35499999999999998       0.39533819314443758     
  0.36499999999999999       0.39109976379908346     
  0.37500000000000000       0.38721000430108099     
  0.38500000000000001       0.38365824549882960     
  0.39500000000000002       0.38043482156869751     
  0.40500000000000003       0.37753102373595593     
  0.41500000000000004       0.37493905890041701     
  0.42499999999999999       0.37265201287630378     
  0.43500000000000000       0.37066381799025955     
  0.44500000000000001       0.36896922481335304     
  0.45500000000000002       0.36756377783277916     
  0.46500000000000002       0.36644379489698398     
  0.47499999999999998       0.36560635029443095     
  0.48499999999999999       0.36504926135142085     
  0.49500000000000000       0.36477107845852685     
  0.50500000000000000       0.36477107845852652     
  0.51500000000000001       0.36504926135141985     
  0.52500000000000002       0.36560635029442934     
  0.53500000000000003       0.36644379489698170     
  0.54500000000000004       0.36756377783277633     
  0.55500000000000005       0.36896922481334976     
  0.56500000000000006       0.37066381799025572     
  0.57499999999999996       0.37265201287629951     
  0.58499999999999996       0.37493905890041240     
  0.59499999999999997       0.37753102373595110     
  0.60499999999999998       0.38043482156869241     
  0.61499999999999999       0.38365824549882421     
  0.62500000000000000       0.38721000430107533     
  0.63500000000000001       0.39109976379907752     
  0.64500000000000002       0.39533819314443142     
  0.65500000000000003       0.39993701632810413     
  0.66500000000000004       0.40490906929210424     
  0.67500000000000004       0.41026836305328879     
  0.68500000000000005       0.41603015329912363     
  0.69500000000000006       0.42221101696777247     
  0.70500000000000007       0.42882893638261027     
  0.71499999999999997       0.43590339157480507     
  0.72499999999999998       0.44345546149771969     
  0.73499999999999999       0.45150793491436747     
  0.74500000000000000       0.46008543182495887     
  0.75500000000000000       0.46921453639672783     
  0.76500000000000001       0.47892394246391456     
  0.77500000000000002       0.48924461278335141     
  0.78500000000000003       0.50020995336204599     
  0.79500000000000004       0.51185600431921607     
  0.80500000000000005       0.52422164890834955     
  0.81500000000000006       0.53734884250726000     
  0.82500000000000007       0.55128286358832423     
  0.83499999999999996       0.56607258891001033     
  0.84499999999999997       0.58177079542774179     
  0.85499999999999998       0.59843449171087393     
  0.86499999999999999       0.61612528197744076     
  0.87500000000000000       0.63490976622432849     
  0.88500000000000001       0.65485998034339377     
  0.89500000000000002       0.67605388058038118     
  0.90500000000000003       0.69857587722092107     
  0.91500000000000004       0.72251742298523403     
  0.92500000000000004       0.74797766229063667     
  0.93500000000000005       0.77506414831039050     
  0.94500000000000006       0.80389363563262539     
  0.95500000000000007       0.83459295732005145     
  0.96499999999999997       0.86729999630865717     
  0.97499999999999998       0.90216476238346899     
  0.98499999999999999       0.93935058745735023     
  0.99500000000000000       0.97903545358488309     
   1.0000000000000000        1.0000000000000000     
